AA2090-T3
AFR -0.39041623190900254 1.2085606862513412 -0.022842960001355474 0.41980993661904814 0.6058009259523878 1.24418287683899 1.0560139963927146 1.0891167207195427 1.0937908219648715 0.8929749195662852 0.451977984957348 0.45689003976724196 0.9205647370007469 1.1227253204886476 -0.3010616487829765 1.3166540502252138 1.1659800747052957 1.121007094144193
nonAFR-stress 0.056940277665336686 0.9859971641591349 0.1986277232332533 0.9313609018430112 0.5871124291038275 1.330942716974344 0.944649833438939 1.090740680806561 1.0925155792832137 1.0763323731674885 0.4323653254398786 0.613688607514406 0.9659074930180515 1.1519059774170437 -0.08362991282554624 1.4567012369610057 1.1752482654026506 1.116415832572442
nonAFR-r -0.0681890550605269 0.8728581783781829 0.07883817293470376 0.9800868482532625 0.6396161030250869 1.416739220885185 1.0767566538602826 1.069 1.0237 0.936165230037105 0.7827698684119997 0.6837450696952991 0.7782197960468684 1.1210834461178005 -0.0930311520854942 1.1682692085440296 1.1471 1.0516


DP980
AFR 0.978676811742272 1.0155655137865276 0.9562935015714478 0.9923044145704766 1.0379668696483502 0.9699665765886128 1.0229368224938618 1.0 1.0 0.978658158833893 1.0156280173593986 0.9563282984646336 0.992335717702875 1.037930467713471 0.9699600496984562 1.0229238225580262 1.0 1.0
nonAFR-stress 0.9821539246198124 1.016247297800221 0.9729007462726103 0.9937171620627243 1.025380829900888 0.9846366340527765 1.011868280897356 1.0 1.0 0.9821429549798266 1.0163109473834446 0.9730928736280997 0.9937337927111698 1.0254718751198486 0.9845101646643356 1.0116904428635412 1.0 1.0
nonAFR-r 0.9630755236085117 1.0404635133877267 0.9671641135689687 0.9666250667631737 1.0364152750397875 0.9707464664422254 1.0278975580349605 1.0 1.0 0.9630621276929356 1.0405349522836391 0.9671784592047932 0.9666518844943464 1.0363759388697624 0.9707396235439515 1.027884484472155 1.0 1.0

AA5182-O
AFR 0.9856620044758667 1.024860918212852 0.9762560820403609 1.0301144784711793 1.0342675761246458 1.020706732401116 0.9925924103038222 1.0 1.0 0.9856617760771317 1.0248618181077536 0.9762542861500376 1.0301171969998508 1.0342664212696906 1.0207062243297036 0.9925941380724258 1.0 1.0
nonAFR-stress 0.5677369567466022 1.3048918894938901 0.6041274337462236 1.3619107041480343 1.403576218080736 1.2047066930584855 0.5352287733257995 1.0 1.0 0.5480817415053474 1.2470032531974167 0.3903214745928533 1.3585844128262983 1.2696881944669043 1.3944105663130655 0.6643249523965057 1.0 1.0
nonAFR-r 0.9900726733680804 1.0148351190489264 0.9726232443854402 1.039810462417897 1.0322865627637845 1.0223590160295464 0.9923216698310934 1.0 1.0 0.9900734717541109 1.01483733432813 0.9726225048559088 1.03981519087893 1.0322854648096973 1.0223590263214553 0.9923238700196437 1.0 1.0